size(700,600);
background(136, 203, 255);
background(23, 32, 42);
ellipse(600,70,50,50);
ellipse(100,43,50,50);
ellipse(300,180,50,50);
ellipse(250,320,50,50);
ellipse(250,70,50,50);
ellipse(600,200,20,20);
ellipse(600,220,30,30);
ellipse(500,100,50,50);
ellipse(250,550,50,50);
ellipse(300,430,50,50);
ellipse(550,450,50,50);
ellipse(150,220,50,50);
ellipse(300,220,50,50);
ellipse(200,300,50,50);
ellipse(400,200,50,50);
ellipse(100,550,50,50);
ellipse(200,500,50,50);
ellipse(300,600,50,50);
ellipse(100,80,50,50);
fill(244, 67, 54);
ellipse(160,250,100,100);
fill(233, 30, 99);
ellipse(205,160,100,100);
fill(156, 39, 176);
ellipse(285,100,100,100);
fill(103, 58, 183);
ellipse(385,100,100,100);
fill(63, 81, 181);
ellipse(458,170,100,100);
fill(33, 150, 243);
ellipse(500,260,100,100);
fill(3, 169, 244);
ellipse(510,360,100,100);
fill(0, 188, 212);
ellipse(500,460,100,100);
fill(0, 150, 136);
ellipse(408,500,100,100);
fill(76, 175, 80);
ellipse(310,520,100,100);
fill(139, 195, 74);
ellipse(210,510,100,100);
fill(205, 220, 57);
ellipse(150,429,100,100);
fill(255, 235, 59);
ellipse(130,345,100,100);}
